-95.311707	0.106470
-92.698135	0.107009
-90.086426	0.128705
-87.476563	0.118706
-84.868538	0.113232
-82.262360	0.167988
-79.658028	0.126403
-77.055534	0.126786
-74.454887	0.153297
-71.856071	0.173896
-69.259094	0.133465
-66.663940	0.130670
-64.070625	0.147957
-61.479145	0.187285
-58.889484	0.144134
-56.301659	0.151770
-53.715652	0.161241
-51.131466	0.161661
-48.549107	0.150975
-45.968559	0.163269
-43.389835	0.168823
-40.812920	0.171858
-38.237816	0.181858
-35.664528	0.177730
-33.093044	0.191747
-30.523373	0.188832
-27.955503	0.177753
-25.389439	0.203915
-22.825174	0.212324
-20.262709	0.205456
-17.702049	0.206041
-15.143178	0.214051
-12.586101	0.212601
-10.030815	0.218570
-7.477323	0.165448
-4.925625	0.202599
-2.375707	0.228979
0.172427	0.237198
2.718777	0.222427
5.263346	0.196361
7.806128	0.184029
10.347138	0.186134
12.886374	0.181491
15.423838	0.188487
17.959524	0.208555
20.493446	0.187502
23.025589	0.182863
25.555973	0.184182
28.084591	0.185184
30.611446	0.192870
33.136532	0.179509
35.659874	0.162482
38.181446	0.177061
40.701279	0.161732
43.219334	0.166374
45.735645	0.162285
48.250210	0.159457
50.763023	0.160996
53.274097	0.159896
55.783409	0.167752
58.290985	0.124540
60.796833	0.165281
63.300919	0.136836
65.803284	0.164349
68.303894	0.148082
70.802788	0.169139
73.299950	0.166100
75.795364	0.176407
78.289070	0.172132
80.781029	0.184041
83.271263	0.185647
85.759789	0.176660
88.246590	0.154227
90.731659	0.167295
93.215019	0.147267
95.696648	0.180850
98.176582	0.130668
100.654793	0.151202
103.131294	0.152749
105.606079	0.135531
108.079155	0.122523
110.550545	0.094603
113.020203	0.104668
115.488174	0.123409
117.954437	0.120508
120.419014	0.116638
122.881874	0.116201
125.343040	0.105513
127.802513	0.113012
130.260300	0.106481
132.716400	0.104922
135.170792	0.099602
137.623520	0.096243
140.074539	0.092216
142.523895	0.084016
144.971558	0.078528
147.417542	0.073862
149.861847	0.071449
152.304489	0.067767
154.745422	0.065415
157.184692	0.062679
159.622299	0.060037
162.058243	0.058701
164.492477	0.058063
166.925079	0.058868
169.356033	0.057723
171.785324	0.058919
174.212906	0.058262
176.638840	0.059002
179.063156	0.059221
181.485748	0.058470
183.906738	0.058366
186.326065	0.058403
188.743713	0.058152
191.159744	0.059032
193.574127	0.057390
195.986847	0.055936
198.397903	0.054331
200.807343	0.053729
203.215134	0.051686
205.621246	0.050516
208.025772	0.050764
210.428650	0.050680
212.829865	0.050833
215.229492	0.050166
217.627457	0.049412
220.023788	0.049028
222.418503	0.049356
224.811584	0.049455
227.203049	0.048640
229.592865	0.049312
231.981064	0.048732
234.367676	0.050290
236.752640	0.050978
239.135986	0.051961
241.517700	0.052665
243.897842	0.053314
246.276321	0.052526
248.653229	0.052733
251.028519	0.052040
253.402161	0.051768
255.774246	0.052602
258.144714	0.051585
260.513580	0.053656
262.880829	0.052428
265.246490	0.051682
267.610565	0.050554
269.972992	0.050563
272.333893	0.050491
274.693176	0.050342
277.050812	0.051463
279.406891	0.051594
281.761444	0.053385
284.114349	0.055374
286.465668	0.055659
288.815399	0.059283
291.163544	0.062022
293.510132	0.064179
295.855133	0.061966
298.198578	0.059109
300.540405	0.055514
302.880646	0.053140
305.219360	0.051284
307.556458	0.050181
309.892029	0.049586
312.226013	0.049989
314.558441	0.049420
316.889252	0.049737
319.218536	0.050929
321.546265	0.051085
323.872467	0.053128
326.197021	0.053854
328.520050	0.054460
330.841583	0.054952
333.161469	0.052063
335.479858	0.051407
337.796692	0.049593
340.111969	0.048107
342.425690	0.048663
344.737854	0.049028
347.048523	0.049556
349.357605	0.049115
351.665131	0.049170
353.971161	0.049251
356.275574	0.049854
358.578491	0.049838
360.879913	0.049525
363.179718	0.049804
365.478058	0.049673
367.774841	0.051123
370.070099	0.051309
372.363800	0.052164
374.656006	0.051616
376.946686	0.051927
379.235809	0.051042
381.523438	0.050139
383.809540	0.049516
386.094147	0.048643
388.377228	0.049568
390.658691	0.049558
392.938721	0.049291
395.217255	0.047938
397.494232	0.047974
399.769745	0.048781
402.043701	0.049344
404.316162	0.048747
406.587097	0.049229
408.856567	0.048915
411.124512	0.048974
413.390991	0.049632
415.655884	0.050106
417.919342	0.049773
420.181305	0.049607
422.441711	0.050387
424.700684	0.049593
426.958160	0.050124
429.214081	0.048655
431.468597	0.049538
433.721588	0.049285
435.973022	0.049990
438.223022	0.049478
440.471558	0.050421
442.718597	0.050886
444.964142	0.052682
447.208221	0.053634
449.450836	0.054602
451.691895	0.053885
453.931549	0.053680
456.169708	0.051925
458.406403	0.049903
460.641602	0.048835
462.875366	0.048548
465.107635	0.048515
467.338379	0.047627
469.567719	0.047654
471.795624	0.047383
474.022034	0.047419
476.246979	0.046672
478.470459	0.046548
480.692474	0.047282
482.912964	0.047872
485.132080	0.047587
487.349731	0.047779
489.565948	0.046542
491.780670	0.047043
493.993958	0.048316
496.205719	0.048754
498.416138	0.050651
500.625092	0.051448
502.832550	0.053491
505.038605	0.052780
507.243225	0.050543
509.446411	0.051782
511.648071	0.049550
513.848389	0.049079
516.047180	0.048836
518.244507	0.049475
520.440552	0.048547
522.635071	0.048776
524.828186	0.049198
527.019836	0.049879
529.210083	0.047851
531.398926	0.048390
533.586243	0.048243
535.772278	0.049130
537.956787	0.049292
540.139893	0.050812
542.321472	0.052815
544.501831	0.054291
546.680664	0.055184
548.858093	0.053527
551.034058	0.051481
553.208618	0.050378
555.381836	0.048795
557.553589	0.047599
559.723938	0.048893
561.892822	0.047893
564.060364	0.047133
566.226501	0.047708
568.391235	0.047260
570.554504	0.048592
572.716370	0.048875
574.876953	0.049751
577.036011	0.050356
579.193726	0.050270
581.350098	0.050671
583.505005	0.050255
585.658447	0.051208
587.810547	0.050752
589.961243	0.051452
592.110657	0.052009
594.258606	0.050349
596.405090	0.050293
598.550354	0.049825
600.694031	0.049973
602.836487	0.048543
604.977417	0.050107
607.117126	0.048698
609.255310	0.047369
611.392212	0.048810
613.527649	0.048599
615.661743	0.049664
617.794434	0.049012
619.925842	0.049567
622.055847	0.048008
624.184448	0.047297
626.311584	0.047874
628.437500	0.047934
630.561951	0.049996
632.685120	0.052119
634.806824	0.052003
636.927246	0.050121
639.046387	0.048827
641.163940	0.047576
643.280212	0.046349
645.395203	0.045152
647.508789	0.045326
649.621033	0.046036
651.731873	0.044257
653.841370	0.045766
655.949463	0.044418
658.056335	0.042871
660.161804	0.045021
662.265869	0.043796
664.368652	0.044638
666.470032	0.043842
668.570129	0.045689
670.668762	0.044584
672.766174	0.045285
674.862244	0.045739
676.956909	0.045021
679.050293	0.046901
681.142273	0.046832
683.232971	0.048976
685.322266	0.050820
687.410217	0.052565
689.496887	0.054486
691.582214	0.053137
693.666260	0.051103
695.748901	0.050435
697.830200	0.048667
699.910217	0.046913
701.988953	0.047355
704.066162	0.045251
706.142273	0.046301
708.216980	0.046091
710.290344	0.044278
712.362427	0.044952
714.433044	0.044751
716.502502	0.043459
718.570557	0.044521
720.637390	0.043774
722.702942	0.043905
724.767090	0.043737
726.829834	0.043493
728.891357	0.045502
730.951599	0.043373
733.010559	0.044082
735.068115	0.043813
737.124390	0.043249
739.179382	0.043131
741.233032	0.044247
743.285400	0.043092
745.336426	0.044083
747.386230	0.044336
749.434753	0.043379
751.481934	0.044313
753.527771	0.043519
755.572327	0.042586
757.615540	0.043744
759.657532	0.043902
761.698364	0.043480
763.737732	0.043612
765.775757	0.043738
767.812622	0.044384
769.848083	0.043288
771.882385	0.044826
773.915344	0.045691
775.946960	0.047648
777.977356	0.048905
780.006409	0.049645
782.034241	0.050067
784.060852	0.049739
786.086060	0.049091
788.109985	0.047249
790.132690	0.045855
792.154175	0.045606
794.174316	0.043986
796.193054	0.043985
798.210754	0.043289
800.226990	0.042870
802.242065	0.041967
804.255920	0.042918
806.268494	0.043769
808.279663	0.044029
810.289673	0.043002
812.298401	0.045617
814.305847	0.045161
816.311951	0.045018
818.316895	0.047013
820.320557	0.046823
822.322937	0.048415
824.324097	0.049047
826.324036	0.051031
828.322693	0.052279
830.320068	0.054416
832.316162	0.053943
834.311035	0.055088
836.304565	0.054603
838.296997	0.054777
840.288147	0.054670
842.277893	0.056297
844.266602	0.055117
846.253845	0.054195
848.239990	0.052972
850.224915	0.049230
852.208557	0.049439
854.190979	0.047269
856.172119	0.045335
858.152039	0.046046
860.130676	0.045371
862.108154	0.044350
864.084290	0.043333
866.059265	0.042942
868.033020	0.041885
870.005371	0.043614
871.976624	0.043468
873.946655	0.042665
875.915466	0.043813
877.882996	0.043387
879.849365	0.044152
881.814453	0.046248
883.778381	0.048562
885.741028	0.047897
887.702454	0.048922
889.662659	0.047520
891.621643	0.046122
893.579346	0.044579
895.535767	0.043990
897.491089	0.042297
899.445251	0.042074
901.398071	0.041507
903.349792	0.042039
905.300232	0.041813
907.249451	0.042322
909.197510	0.040450
911.144348	0.041050
913.089966	0.040734
915.034302	0.040711
916.977417	0.041771
918.919434	0.042595
920.860229	0.045103
922.799622	0.047431
924.737976	0.049364
926.675171	0.050609
928.611145	0.050136
930.545837	0.047513
932.479309	0.046028
934.411682	0.043905
936.342896	0.041744
938.272766	0.041948
940.201477	0.041754
942.129028	0.041234
944.055420	0.041359
945.980591	0.042142
947.904358	0.041526
949.827209	0.040401
951.748718	0.039128
953.669128	0.039557
955.588318	0.038772
957.506348	0.039792
959.423157	0.038383
961.338806	0.039134
963.253235	0.039241
965.166504	0.038833
967.078613	0.039027
968.989441	0.038541
970.899231	0.038669
972.807739	0.038398
974.715027	0.038233
976.621094	0.038649
978.526123	0.038413
980.429993	0.039547
982.332642	0.037111
984.234131	0.037112
986.134399	0.039723
988.033508	0.038707
989.931396	0.038351
991.828186	0.038585
993.723816	0.038116
995.618164	0.037810
997.511536	0.039070
999.403442	0.037480
1001.294434	0.040198
1003.184143	0.040014
1005.072815	0.040157
1006.960266	0.039701
1008.846558	0.041061
1010.731628	0.041569
1012.615601	0.041802
1014.498352	0.041752
1016.380005	0.040433
1018.260498	0.040523
1020.139832	0.038928
1022.018005	0.038752
1023.895020	0.039464
1025.770874	0.039518
1027.645508	0.040198
1029.519043	0.040441
1031.391479	0.038314
1033.262695	0.039091
1035.132813	0.038674
1037.001709	0.037421
1038.869629	0.036919
1040.736206	0.038080
1042.601685	0.037880
1044.466064	0.036799
1046.329224	0.037037
1048.191406	0.037022
1050.052124	0.036706
1051.911987	0.036602
1053.770630	0.037200
1055.628174	0.035983
1057.484497	0.036000
1059.339600	0.037119
1061.193848	0.036642
1063.046753	0.036813
1064.898682	0.036153
1066.749390	0.037447
1068.598755	0.036902
1070.447266	0.036174
1072.294556	0.037542
1074.140625	0.036195
1075.985596	0.037254
1077.829590	0.037344
1079.672363	0.038362
1081.513916	0.038285
1083.354492	0.038332
1085.193726	0.039083
1087.032227	0.041521
1088.869385	0.044657
1090.705322	0.050599
1092.540283	0.051656
1094.374023	0.051749
1096.206787	0.049515
1098.038330	0.046044
1099.868652	0.040514
1101.697754	0.040583
1103.526001	0.038582
1105.353027	0.037910
1107.179077	0.037479
1109.003906	0.037121
1110.827637	0.038786
1112.650146	0.038873
1114.471802	0.037876
1116.291992	0.040967
1118.111572	0.041130
1119.929688	0.042436
1121.746582	0.041010
1123.562622	0.039963
1125.377319	0.039444
1127.191040	0.039063
1129.003662	0.038955
1130.815186	0.040766
1132.625732	0.041911
1134.435181	0.045626
1136.243408	0.048186
1138.050293	0.055012
1139.856323	0.061121
1141.661377	0.066894
1143.465088	0.070843
1145.268066	0.067837
1147.069580	0.066274
1148.869995	0.062045
1150.669434	0.060456
1152.467773	0.059806
1154.265015	0.062959
1156.061279	0.064341
1157.856323	0.064272
1159.650391	0.061262
1161.443237	0.055930
1163.234985	0.048687
1165.025635	0.043456
1166.815308	0.039626
1168.604004	0.037031
1170.391479	0.037060
1172.177856	0.036482
1173.962891	0.035164
1175.747070	0.034329
1177.530396	0.034752
1179.312256	0.033428
1181.093262	0.033791
1182.873047	0.033658
1184.651855	0.033603
1186.429688	0.035662
1188.206299	0.035314
1189.982056	0.034010
1191.756226	0.034687
1193.529907	0.033746
1195.302124	0.033118
1197.073242	0.031982
1198.843506	0.032814
1200.612671	0.031826
1202.380737	0.032301
1204.147705	0.032774
1205.913574	0.030900
1207.678467	0.032520
1209.442261	0.031636
1211.204956	0.031448
1212.966675	0.031787
1214.727173	0.032758
1216.486572	0.032078
1218.245239	0.031469
1220.002441	0.031577
1221.758789	0.032221
1223.513916	0.032654
1225.268188	0.032054
1227.021362	0.032439
1228.773438	0.032894
1230.524414	0.031333
1232.274414	0.032163
1234.023315	0.031658
1235.771118	0.033303
1237.518066	0.031234
1239.263672	0.032094
1241.008179	0.031830
1242.751953	0.032064
1244.494385	0.032366
1246.235962	0.032261
1247.976440	0.031446
1249.715942	0.031339
1251.454224	0.031993
1253.191650	0.031597
1254.927856	0.031890
1256.663330	0.030820
1258.397339	0.031376
1260.130493	0.031236
1261.862427	0.032086
1263.593628	0.031595
1265.323486	0.032490
1267.052490	0.031187
1268.780273	0.031799
1270.507202	0.031322
1272.233032	0.031329
1273.957886	0.033476
1275.681641	0.031341
1277.404297	0.030157
1279.126099	0.031112
1280.846680	0.032585
1282.566284	0.032024
1284.284912	0.032599
1286.002441	0.032517
1287.718872	0.031865
1289.434448	0.031679
1291.148682	0.033713
1292.862305	0.032605
1294.574585	0.032871
1296.285767	0.034514
1297.996216	0.032897
1299.705444	0.033740
1301.413696	0.034822
1303.120972	0.036514
1304.827148	0.037190
1306.532349	0.035724
1308.236450	0.036592
1309.939697	0.035632
1311.641846	0.034956
1313.342773	0.035226
1315.042847	0.033714
1316.741699	0.036157
1318.439819	0.033727
1320.136841	0.033491
1321.832886	0.033415
1323.527832	0.032960
1325.221680	0.032545
1326.914673	0.033081
1328.606567	0.030909
1330.297485	0.032962
1331.987305	0.031990
1333.676147	0.031190
1335.364014	0.032024
1337.050903	0.031662
1338.736572	0.031816
1340.421387	0.030806
1342.105103	0.033007
1343.787964	0.032998
1345.469727	0.030939
1347.150391	0.031895
1348.830322	0.030557
1350.508911	0.031452
1352.186768	0.032006
1353.863647	0.031890
1355.539307	0.031220
1357.213989	0.031848
1358.887573	0.031093
1360.560303	0.032951
1362.232056	0.031887
1363.902710	0.033691
1365.572388	0.032010
1367.241089	0.033175
1368.908813	0.032630
1370.575684	0.034392
1372.241211	0.033694
1373.905884	0.032803
1375.569702	0.032066
1377.232422	0.032211
1378.894165	0.033083
1380.554810	0.032192
1382.214478	0.033057
1383.873291	0.033805
1385.531128	0.031810
1387.187622	0.031279
1388.843506	0.031988
1390.498291	0.031940
1392.152100	0.032554
1393.804810	0.031750
1395.456543	0.032595
1397.107422	0.033074
1398.757202	0.032914
1400.406006	0.033099
1402.053955	0.033232
1403.700684	0.033510
1405.346436	0.033075
1406.991577	0.033616
1408.635376	0.033186
1410.278320	0.034088
1411.920166	0.034076
1413.561035	0.032486
1415.201050	0.034190
1416.840088	0.034005
1418.478149	0.032509
1420.115234	0.033445
1421.751221	0.032242
1423.386230	0.033101
1425.020386	0.032643
1426.653320	0.034224
1428.285400	0.034268
1429.916748	0.036074
1431.546753	0.035429
1433.176025	0.035162
1434.804321	0.034722
1436.431519	0.034627
1438.057861	0.034065
1439.683228	0.035198
1441.307617	0.034199
1442.930786	0.034212
1444.553467	0.033379
1446.174805	0.033881
1447.795044	0.033802
1449.414551	0.034432
1451.033203	0.034768
1452.650757	0.034158
1454.267334	0.034344
1455.883057	0.034705
1457.497559	0.034834
1459.111328	0.034432
1460.724121	0.034325
1462.335938	0.035312
1463.946655	0.035449
1465.556519	0.035458
1467.165527	0.036747
1468.773315	0.035009
1470.380249	0.035035
1471.986206	0.034099
1473.591431	0.034776
1475.195313	0.034388
1476.798462	0.031796
1478.400513	0.032141
1480.001953	0.031302
1481.602173	0.031995
1483.201538	0.031508
1484.799927	0.032062
1486.397095	0.031645
1487.993652	0.031094
1489.589111	0.031798
1491.183594	0.032848
1492.777222	0.033349
1494.369751	0.032204
1495.961548	0.032235
1497.552246	0.032749
1499.142090	0.033760
1500.730835	0.034934
1502.318848	0.036518
1503.905640	0.038327
1505.491699	0.041463
1507.076660	0.043005
1508.660767	0.043045
1510.244141	0.045548
1511.826294	0.043802
1513.407471	0.041703
1514.987915	0.037610
1516.567139	0.035856
1518.145630	0.034133
1519.723145	0.033855
1521.299683	0.032100
1522.875000	0.031242
1524.449585	0.029869
1526.023438	0.032794
1527.596191	0.031247
1529.168213	0.029592
1530.739136	0.029412
1532.308960	0.030603
1533.878052	0.029529
1535.446045	0.029450
1537.013428	0.030000
1538.579590	0.028707
1540.144775	0.029287
1541.709106	0.029339
1543.272705	0.030120
1544.835205	0.028562
1546.396729	0.029870
1547.957520	0.029164
1549.517090	0.028562
1551.075928	0.028340
1552.633545	0.029067
1554.190674	0.030260
1555.746582	0.028704
1557.301758	0.030480
1558.855713	0.029267
1560.408936	0.029812
1561.961182	0.028998
1563.512817	0.029329
1565.062866	0.028138
1566.612305	0.030079
1568.161011	0.028518
1569.708496	0.029155
1571.255493	0.030392
1572.801025	0.030501
1574.346191	0.031017
1575.889893	0.030640
1577.433105	0.030239
1578.975098	0.031317
1580.516602	0.034016
1582.056641	0.033553
1583.596191	0.032733
1585.134521	0.039730
1586.672241	0.041151
1588.208496	0.046688
1589.744385	0.052210
1591.278931	0.057490
1592.813232	0.061192
1594.345825	0.061565
1595.878174	0.059208
1597.408936	0.052553
1598.939331	0.049881
1600.468506	0.044960
1601.997192	0.040863
1603.524292	0.038637
1605.051270	0.036586
1606.576538	0.035192
1608.101074	0.032719
1609.625000	0.034158
1611.147949	0.032978
1612.670166	0.032778
1614.190918	0.030405
1615.711426	0.033331
1617.230347	0.033224
1618.749146	0.034085
1620.266235	0.031612
1621.783081	0.031500
1623.298462	0.032282
1624.813477	0.032710
1626.327271	0.032167
1627.840332	0.032265
1629.352173	0.031280
1630.863647	0.032499
1632.373535	0.033811
1633.883057	0.035939
1635.391357	0.035640
1636.899170	0.035457
1638.405640	0.036177
1639.911499	0.034923
1641.416260	0.034365
1642.920410	0.032465
1644.423096	0.031969
1645.925659	0.033146
1647.426636	0.030012
1648.926758	0.029825
1650.426514	0.030212
1651.924805	0.030065
1653.422607	0.030225
1654.919189	0.027990
1656.415405	0.028691
1657.910034	0.028350
1659.404663	0.028516
1660.897583	0.029791
1662.389893	0.029111
1663.881226	0.026923
1665.371948	0.027755
1666.861450	0.028031
1668.350464	0.026739
1669.838013	0.028025
1671.325317	0.026728
1672.811157	0.027739
1674.296631	0.027802
1675.780640	0.026596
1677.264404	0.028159
1678.746704	0.026557
1680.228516	0.027012
1681.709106	0.026736
1683.189331	0.026083
1684.668091	0.028250
1686.146362	0.025571
1687.623413	0.027628
1689.099609	0.025304
1690.575317	0.026609
1692.049683	0.025654
1693.523560	0.026423
1694.996216	0.025539
1696.468262	0.027675
1697.939209	0.027351
1699.409668	0.026675
1700.878662	0.026231
1702.347412	0.026829
1703.814697	0.025478
1705.281860	0.027079
1706.747192	0.025668
1708.212524	0.026478
1709.676270	0.027219
1711.139893	0.025298
1712.601685	0.026457
1714.063477	0.026338
1715.523926	0.026813
1716.983643	0.024936
1718.442261	0.025317
1719.900513	0.024927
1721.357422	0.026389
1722.813721	0.025505
1724.268921	0.024037
1725.723511	0.024725
1727.176880	0.025988
1728.629517	0.025483
1730.081421	0.025849
1731.532349	0.024449
1732.982666	0.026142
1734.431519	0.026156
1735.880127	0.024936
1737.327515	0.024874
1738.774292	0.026140
1740.219971	0.025918
1741.665161	0.025754
1743.108887	0.025217
1744.552368	0.027590
1745.994507	0.025486
1747.436157	0.025446
1748.876587	0.025978
1750.316528	0.025827
1751.755127	0.026044
1753.193359	0.025068
1754.630371	0.025461
1756.066772	0.025376
1757.501953	0.027221
1758.937012	0.025622
1760.370361	0.026734
1761.803467	0.025189
1763.235229	0.025586
1764.666626	0.025190
1766.096558	0.025682
1767.525757	0.024101
1768.954590	0.023934
1770.382202	0.026400
1771.809204	0.025283
1773.234985	0.024931
1774.660278	0.025174
1776.084229	0.024814
1777.508057	0.025749
1778.930542	0.026009
1780.352295	0.024873
1781.773193	0.025450
1783.193237	0.025043
1784.612427	0.025445
1786.030762	0.024858
1787.448120	0.025002
1788.864990	0.026493
1790.280518	0.025898
1791.695801	0.024305
1793.109497	0.023686
1794.522949	0.025062
1795.935181	0.025231
1797.346924	0.022364
1798.757324	0.022526
1800.167603	0.024869
1801.576172	0.024951
1802.984741	0.025187
1804.391724	0.022499
1805.797852	0.023268
1807.203735	0.023301
1808.608398	0.024378
1810.012451	0.023752
1811.415405	0.025116
1812.817871	0.023700
1814.218994	0.024304
1815.619873	0.024228
1817.019287	0.026146
1818.418457	0.023540
1819.816284	0.024366
1821.213745	0.023601
1822.609863	0.024913
1824.005615	0.023850
1825.400146	0.023709
1826.794067	0.023614
1828.187012	0.022977
1829.579346	0.026100
1830.970459	0.024401
1832.361206	0.024659
1833.750488	0.024235
1835.139771	0.022887
1836.527466	0.024012
1837.914795	0.023856
1839.300903	0.022160
1840.686646	0.025089
1842.071289	0.023541
1843.454712	0.025033
1844.837891	0.024636
1846.219727	0.023933
1847.601440	0.024881
1848.981689	0.023359
1850.361572	0.021656
1851.740234	0.024330
1853.118408	0.025243
1854.495361	0.025077
1855.872070	0.022721
1857.247070	0.023220
1858.622192	0.022208
1859.995850	0.023895
1861.369141	0.022809
1862.741089	0.022962
1864.112793	0.022458
1865.483032	0.022611
1866.853027	0.022154
1868.221558	0.026416
1869.589966	0.024365
1870.957031	0.023237
1872.323730	0.022528
1873.689087	0.022719
1875.053955	0.022725
1876.417969	0.022992
1877.781250	0.022996
1879.143311	0.023123
1880.504639	0.021950
1881.865601	0.020535
1883.225220	0.023917
1884.584473	0.024548
1885.942383	0.022551
1887.300049	0.023149
1888.656250	0.023655
1890.012451	0.024633
1891.367188	0.023478
1892.721436	0.023010
1894.074585	0.021038
1895.427246	0.023095
1896.778687	0.022177
1898.129761	0.022353
1899.479736	0.025000
1900.828979	0.023538
1902.177246	0.023576
1903.525146	0.024144
1904.871826	0.021717
1906.217896	0.021812
1907.562866	0.023791
1908.907471	0.021824
1910.250854	0.022632
1911.593628	0.025857
1912.935303	0.022263
1914.276733	0.022914
1915.616821	0.022346
1916.956055	0.021566
1918.294922	0.022432
1919.632568	0.022878
1920.969971	0.022892
1922.305908	0.021199
1923.641724	0.021683
1924.975830	0.022491
1926.310059	0.022577
1927.642700	0.022124
1928.975098	0.022267
1930.306396	0.022069
1931.637207	0.021469
1932.966675	0.020975
1934.296143	0.021352
1935.624023	0.024989
1936.951660	0.022936
1938.277832	0.022320
1939.604004	0.024123
1940.928589	0.021703
1942.253174	0.020571
1943.576294	0.023344
1944.899048	0.020735
1946.220581	0.021012
1947.541626	0.023691
1948.861572	0.020387
1950.181152	0.023187
1951.499634	0.024513
1952.817261	0.022309
1954.134277	0.019457
1955.450317	0.021727
1956.765747	0.019915
1958.080322	0.020584
1959.394165	0.021448
1960.707031	0.021937
1962.019287	0.022694
1963.330322	0.022707
1964.641235	0.021717
1965.950806	0.021247
1967.260132	0.021232
1968.568115	0.022589
1969.875732	0.019730
1971.182007	0.020134
1972.488037	0.021602
1973.792847	0.021873
1975.097290	0.020645
1976.400391	0.020362
1977.703247	0.019039
1979.004883	0.021100
1980.306396	0.022830
1981.606567	0.021635
1982.906128	0.020122
1984.204590	0.022404
1985.502563	0.020573
1986.799438	0.023417
1988.095703	0.020633
1989.391479	0.020617
1990.685913	0.022523
1991.980103	0.021459
1993.273071	0.019344
1994.565796	0.022941
1995.857056	0.019362
1997.148071	0.023759
1998.437988	0.020311
1999.727417	0.019227
2001.015625	0.022929
2002.303589	0.021354
2003.590210	0.021195
2004.876465	0.021517
2006.161621	0.020114
2007.446533	0.020472
2008.729980	0.019942
2010.013184	0.020186
2011.295166	0.017165
2012.576660	0.017891
2013.857178	0.020086
2015.137207	0.020481
2016.416016	0.021678
2017.694580	0.018897
2018.972046	0.022032
2020.248779	0.021175
2021.524658	0.021427
2022.799683	0.019151
2024.074219	0.020829
2025.347778	0.019562
2026.620850	0.020446
2027.892456	0.021091
2029.163940	0.020192
2030.434082	0.017376
2031.704224	0.021518
2032.972900	0.020937
2034.241333	0.020292
2035.508545	0.020054
2036.775635	0.020497
2038.041138	0.020518
2039.306396	0.022032
2040.570557	0.020816
2041.834229	0.019284
2043.096802	0.019455
2044.359253	0.021095
2045.620117	0.019410
2046.880615	0.021292
2048.140381	0.021121
2049.399658	0.019725
2050.657471	0.021716
2051.915039	0.020258
2053.171387	0.020150
2054.427246	0.020821
2055.682129	0.018947
2056.936279	0.019685
2058.190186	0.022229
2059.442627	0.020331
2060.694824	0.019364
2061.945801	0.019865
2063.196533	0.018676
2064.446045	0.018128
2065.695313	0.018031
2066.943115	0.021633
2068.190918	0.018966
2069.437012	0.019955
2070.683350	0.020376
2071.928223	0.021774
2073.172852	0.018336
2074.416016	0.018102
2075.659180	0.021649
2076.901123	0.020584
2078.142578	0.020688
2079.383057	0.018458
2080.622803	0.021441
2081.861816	0.020916
2083.100098	0.019177
2084.337402	0.019038
2085.574463	0.018860
2086.810303	0.018845
2088.045898	0.020183
2089.279785	0.019060
2090.513184	0.017763
2091.746826	0.020283
2092.978271	0.019704
2094.210449	0.020526
2095.440674	0.019489
2096.670654	0.019038
2097.899902	0.019951
2099.128662	0.022448
2100.355713	0.018679
2101.582764	0.019714
2102.808838	0.018730
2104.034668	0.018881
2105.259033	0.020492
2106.482910	0.018864
2107.706055	0.019154
2108.928711	0.022128
2110.150146	0.017487
2111.371094	0.018468
2112.590820	0.020947
2113.810547	0.018193
2115.029053	0.021907
2116.246826	0.018526
2117.464111	0.021126
2118.680664	0.019129
2119.896240	0.019990
2121.110840	0.018408
2122.325195	0.019012
2123.538086	0.021119
2124.750977	0.018730
2125.962891	0.019366
2127.174072	0.021857
2128.384277	0.018011
2129.594238	0.016216
2130.802734	0.018655
2132.011230	0.021119
2133.218506	0.017975
2134.425293	0.018738
2135.631104	0.020435
2136.836670	0.018230
2138.040771	0.017826
2139.244873	0.019875
2140.447510	0.015484
2141.649902	0.019839
2142.851074	0.017738
2144.052002	0.018871
2145.251953	0.019168
2146.451416	0.018128
2147.649658	0.019138
2148.847656	0.019825
2150.044189	0.019708
2151.240967	0.016814
2152.436279	0.021681
2153.631104	0.019232
2154.825195	0.019712
2156.018311	0.017546
2157.211182	0.018266
2158.402588	0.019591
2159.593994	0.018475
2160.784180	0.017192
2161.974121	0.018290
2163.162842	0.020848
2164.351318	0.017863
2165.538330	0.019014
2166.725342	0.018504
2167.910889	0.018403
2169.096436	0.016508
2170.281006	0.019397
2171.465088	0.019582
2172.647949	0.018106
2173.830078	0.014015
2175.011719	0.015851
2176.192627	0.017564
2177.372314	0.018281
2178.552002	0.019397
2179.730713	0.018719
2180.908691	0.018605
2182.085693	0.014950
2183.262695	0.018075
2184.437744	0.020123
2185.612793	0.018827
2186.787598	0.017493
2187.960449	0.018541
2189.133789	0.016527
2190.305420	0.016860
2191.477295	0.019749
2192.647705	0.017606
2193.817871	0.019407
2194.986816	0.017967
2196.155518	0.016179
2197.322754	0.018532
2198.490234	0.020093
2199.656250	0.015894
2200.822266	0.017377
2201.986816	0.016877
2203.151367	0.017802
2204.314209	0.016732
2205.477295	0.016177
2206.638916	0.017924
2207.800293	0.017131
2208.960938	0.017307
2210.120850	0.017277
2211.279785	0.015618
2212.438477	0.017357
2213.595459	0.017874
2214.752930	0.019687
2215.908691	0.018161
2217.063965	0.016948
2218.219238	0.020650
2219.372803	0.018938
2220.526367	0.018749
2221.678711	0.016378
2222.830811	0.013973
2223.981934	0.020298
2225.132568	0.016205
2226.281738	0.018847
2227.431152	0.017288
2228.579590	0.018217
2229.727051	0.018036
2230.873779	0.016794
2232.020264	0.018167
2233.165527	0.016229
2234.310547	0.020034
2235.454346	0.018747
2236.597900	0.019127
2237.740479	0.018624
2238.882324	0.014700
2240.023438	0.017375
2241.164307	0.015954
2242.303711	0.017151
2243.442871	0.018113
2244.581299	0.016605
2245.718994	0.017338
2246.855713	0.017055
2247.991699	0.016801
2249.127441	0.019268
2250.261963	0.016196
2251.396240	0.013923
2252.529541	0.017061
2253.662354	0.018256
2254.794189	0.019790
2255.925781	0.014216
2257.056152	0.016817
2258.186279	0.018835
2259.314941	0.014798
2260.443848	0.018292
2261.571533	0.019667
2262.698730	0.015979
2263.825195	0.013778
2264.950684	0.016526
2266.075439	0.018386
2267.199951	0.014821
2268.323242	0.016380
2269.446289	0.015158
2270.568359	0.014067
2271.689941	0.018678
2272.810547	0.018264
2273.930664	0.020991
2275.049561	0.014765
2276.168701	0.016123
2277.286377	0.017510
2278.403564	0.013926
2279.520264	0.015768
2280.635986	0.015732
2281.751221	0.016177
2282.865479	0.014375
2283.979248	0.017109
2285.092285	0.016424
2286.204834	0.016595
2287.316162	0.019237
2288.427734	0.018960
2289.537598	0.013980
2290.647461	0.017844
2291.756104	0.013546
2292.864502	0.017009
2293.971924	0.017827
2295.079102	0.016279
2296.184814	0.018896
2297.290527	0.014543
2298.395020	0.015440
2299.499512	0.016077
2300.602539	0.016748
2301.705566	0.013314
2302.807129	0.017573
2303.908691	0.016125
2305.009033	0.014960
2306.109131	0.022325
2307.208252	0.013867
2308.306396	0.017726
2309.404785	0.018121
2310.501465	0.016904
2311.598145	0.012904
2312.693848	0.014716
2313.789307	0.016878
2314.883789	0.015755
2315.977295	0.017163
2317.070313	0.016680
2318.163086	0.017428
2319.254395	0.015196
2320.345703	0.015324
2321.435791	0.015297
2322.525635	0.016768
2323.614258	0.014838
2324.702881	0.013449
2325.790039	0.019155
2326.877197	0.013611
2327.963379	0.015292
2329.049072	0.015720
2330.133789	0.012935
2331.218506	0.013842
2332.301514	0.015356
2333.384521	0.014074
2334.466553	0.015451
2335.548340	0.014145
2336.628662	0.015082
2337.708740	0.018804
2338.788330	0.013498
2339.866943	0.017029
2340.945557	0.015382
2342.022461	0.017591
2343.099365	0.018111
2344.175293	0.013693
2345.250977	0.016303
2346.325439	0.017544
2347.399902	0.017243
2348.472900	0.013631
2349.545898	0.017811
2350.617676	0.015117
2351.689453	0.014114
2352.759766	0.013512
2353.830078	0.014227
2354.899170	0.018368
2355.968018	0.018373
2357.035889	0.013624
2358.103516	0.016988
2359.169922	0.015870
2360.236084	0.016240
2361.301514	0.016882
2362.366211	0.014818
2363.429688	0.016314
2364.493408	0.015302
2365.555908	0.016112
2366.617432	0.016824
2367.679199	0.013214
2368.739502	0.014068
2369.800049	0.011540
2370.858887	0.015525
2371.917969	0.013932
2372.976074	0.016739
2374.033203	0.016730
2375.089600	0.016053
2376.145996	0.016109
2377.200928	0.016391
2378.256104	0.011270
2379.310059	0.015057
2380.363525	0.013254
2381.416016	0.020683
2382.468506	0.011705
2383.519287	0.012392
2384.570557	0.008336
2385.620361	0.015470
2386.669922	0.017564
2387.718750	0.011970
2388.766846	0.013143
2389.814209	0.013144
2390.861084	0.013206
2391.906982	0.012418
2392.952881	0.016972
2393.997559	0.015965
2395.041016	0.014915
2396.085205	0.011478
2397.127686	0.014679
2398.170166	0.017025
2399.211426	0.011560
2400.252686	0.016239
2401.292725	0.016907
2402.332275	0.012349
2403.371338	0.016832
2404.409912	0.012809
2405.447021	0.011222
2406.484375	0.016716
2407.520264	0.014347
2408.556641	0.014018
2409.591064	0.014486
2410.625732	0.014472
2411.659424	0.017788
2412.692871	0.013903
2413.724854	0.013687
2414.757080	0.014249
2415.788086	0.013493
2416.818604	0.011676
2417.848145	0.020567
2418.877686	0.015979
2419.906006	0.014738
2420.934082	0.015016
2421.961182	0.015813
2422.988037	0.013896
2424.013916	0.017138
2425.039307	0.013520
2426.063965	0.016930
2427.087646	0.015590
2428.111084	0.015204
2429.134033	0.016894
2430.156494	0.011334
2431.177979	0.014987
2432.198975	0.016119
2433.218750	0.015064
2434.238770	0.017840
2435.257080	0.012395
2436.275879	0.016025
2437.293457	0.013321
2438.310791	0.014384
2439.326904	0.018211
2440.342773	0.011988
2441.357910	0.012307
2442.372803	0.013233
2443.386230	0.018780
2444.399414	0.012207
2445.412109	0.012870
2446.424072	0.015922
2447.435303	0.016434
2448.446045	0.012135
2449.455811	0.016260
2450.465332	0.017162
2451.474121	0.012361
2452.482178	0.013756
2453.489990	0.011723
2454.496826	0.013366
2455.503174	0.014520
2456.508789	0.011109
2457.513916	0.012751
2458.518066	0.008713
2459.521973	0.009967
2460.524902	0.012766
2461.527588	0.016373
2462.529297	0.015577
2463.530762	0.016897
2464.531494	0.013395
2465.531494	0.013239
2466.530518	0.012382
2467.529541	0.019027
2468.527832	0.012187
2469.525635	0.015899
2470.521729	0.009225
2471.518311	0.015719
2472.513672	0.011936
2473.509277	0.013251
2474.503174	0.012054
2475.497314	0.009838
2476.490234	0.014397
2477.482178	0.014006
2478.474365	0.014226
2479.465820	0.013803
2480.456787	0.016073
2481.446533	0.014938
2482.436279	0.017330
2483.424561	0.010787
2484.413330	0.017731
2485.400635	0.012757
2486.388184	0.012796
2487.373535	0.015324
2488.359619	0.013057
2489.344727	0.010203
2490.329834	0.012294
2491.313232	0.014329
2492.296875	0.015314
2493.279297	0.013805
2494.260742	0.009432
2495.242432	0.012369
2496.223389	0.016383
2497.203613	0.013751
2498.183350	0.010748
2499.162598	0.016356
2500.140869	0.014550
2501.118652	0.015434
2502.095703	0.011511
2503.072510	0.015658
2504.048096	0.013647
2505.023682	0.013591
2505.998535	0.011709
2506.972900	0.013742
2507.946289	0.010238
2508.919434	0.014827
2509.891602	0.013897
2510.863281	0.012605
2511.834229	0.013548
2512.805176	0.013898
2513.774658	0.012186
2514.744141	0.019521
2515.712891	0.012533
2516.680908	0.013926
2517.648193	0.015298
2518.615234	0.016475
2519.581543	0.010668
2520.547119	0.013806
2521.512451	0.012632
2522.477295	0.012814
2523.441162	0.011554
2524.404297	0.013383
2525.367432	0.013366
2526.329102	0.013815
2527.291016	0.010782
2528.251709	0.011738
2529.212158	0.013949
2530.171875	0.011412
2531.131104	0.015654
2532.089600	0.018522
2533.047852	0.015281
2534.004883	0.010307
2534.962158	0.010076
2535.917725	0.008027
2536.873779	0.013459
2537.828857	0.014135
2538.783447	0.014403
2539.737061	0.008847
2540.690186	0.006894
2541.642822	0.015641
2542.594727	0.019547
2543.546631	0.014323
2544.497559	0.008822
2545.447754	0.012862
2546.396973	0.014572
2547.346924	0.011354
2548.294922	0.015519
2549.243164	0.013865
2550.190186	0.009832
2551.137451	0.012205
2552.083496	0.012638
2553.029297	0.011833
2553.973877	0.016981
2554.918945	0.013533
2555.862549	0.017837
2556.806152	0.012380
2557.748535	0.011661
2558.690918	0.007116
2559.632324	0.013703
2560.573730	0.012814
2561.513672	0.011510
2562.453857	0.006752
2563.392822	0.011849
2564.332031	0.012040
2565.270020	0.015088
2566.207520	0.013721
2567.144287	0.011016
2568.080322	0.012710
2569.016846	0.018681
2569.951904	0.008951
2570.886475	0.015036
2571.820557	0.014427
2572.754150	0.010525
2573.687012	0.009941
2574.619629	0.022437
2575.551025	0.013513
2576.482910	0.008272
2577.413330	0.013041
2578.343750	0.010726
2579.273193	0.016728
2580.202148	0.015489
2581.130371	0.007204
2582.058838	0.010576
2582.985840	0.007494
2583.912598	0.015766
2584.838623	0.009519
2585.764404	0.005819
2586.689209	0.012574
2587.614014	0.007716
2588.537354	0.008275
2589.461426	0.009657
2590.383545	0.015483
2591.306152	0.006436
2592.227539	0.013750
2593.148438	0.011569
2594.069092	0.014165
2594.989014	0.009585
2595.908691	0.008082
2596.827393	0.014647
2597.746094	0.014966
2598.663330	0.008087
2599.580811	0.009463
2600.497314	0.017852
2601.414063	0.011796
2602.328857	0.012426
2603.244385	0.012582
2604.158447	0.007978
2605.072510	0.012252
2605.985596	0.013121
2606.898682	0.010347
2607.810547	0.018517
2608.722900	0.010059
2609.633057	0.011306
2610.544434	0.004650
2611.454102	0.009176
2612.364258	0.015284
2613.272705	0.016675
2614.181396	0.004535
2615.088867	0.011297
2615.996582	0.016503
2616.903076	0.006631
2617.808838	0.009642
2618.714844	0.012982
2619.619629	0.008247
2620.524414	0.008475
2621.428467	0.011405
2622.332275	0.010313
2623.235107	0.012611
2624.137451	0.008775
2625.039063	0.015136
2625.940674	0.013735
2626.841064	0.008586
2627.741943	0.007432
2628.641113	0.016410
2629.540771	0.007512
2630.438965	0.010953
2631.337402	0.016244
2632.234619	0.007130
2633.132080	0.017905
2634.028320	0.009786
2634.924805	0.011726
2635.819824	0.011811
2636.714844	0.008363
2637.609131	0.013300
2638.503174	0.015658
2639.396240	0.009201
2640.289307	0.010842
2641.181396	0.014540
2642.072510	0.015441
2642.964111	0.007574
2643.854736	0.017061
2644.745117	0.007657
2645.634033	0.007320
2646.523682	0.008847
2647.411865	0.012060
2648.300537	0.011096
2649.187256	0.015648
2650.074951	0.016133
2650.961182	0.006604
2651.847168	0.014199
2652.732178	0.008963
2653.617676	0.012403
2654.501709	0.010580
2655.385742	0.013541
2656.268799	0.008908
2657.151611	0.015388
2658.034180	0.008183
2658.916260	0.003919
2659.797119	0.009652
2660.678223	0.004923
2661.558105	0.012267
2662.438232	0.015064
2663.316895	0.008724
2664.195801	0.005940
2665.073975	0.009083
2665.951416	0.012762
2666.828857	0.008023
2667.705078	0.006442
2668.581787	0.007269
2669.457031	0.012735
2670.332275	0.017018
2671.206787	0.003654
2672.080811	0.013965
2672.954346	0.007952
2673.827637	0.011615
2674.699951	0.006943
2675.572021	0.010220
2676.443604	0.009841
2677.314697	0.011088
2678.185059	0.009471
2679.055664	0.012560
2679.924805	0.016483
2680.793945	0.009137
2681.662354	0.009132
2682.530518	0.004349
2683.397949	0.004957
2684.265137	0.007432
2685.131348	0.007251
2685.997803	0.013223
2686.863281	0.003725
2687.728516	0.011380
2688.593018	0.008695
2689.456543	0.009525
2690.320313	0.017208
2691.183350	0.011449
2692.046143	0.018701
2692.907959	0.014369
2693.769531	0.009158
2694.630615	0.008096
2695.491699	0.010836
2696.351318	0.004587
2697.211426	0.010184
2698.069824	0.010783
2698.928955	0.016234
2699.786865	0.014367
2700.644531	0.008096
2701.501465	0.011658
2702.358643	0.005202
2703.214844	0.019832
2704.070313	0.014823
2704.925781	0.013195
2705.780518	0.014022
2706.634521	0.007142
2707.489014	0.016652
2708.341797	0.012460
2709.194824	-0.000212
2710.047119	0.012550
2710.898682	0.015609
2711.750488	0.011564
2712.600830	0.009017
2713.451660	0.007930
2714.301514	0.000214
2715.150879	0.010779
2715.999756	0.015701
2716.848633	0.019676
2717.696289	0.014278
2718.544434	0.012821
2719.391113	0.010613
2720.237793	0.003633
2721.083740	0.020110
2721.929932	0.005985
2722.774902	0.010589
2723.619629	0.016378
2724.464111	0.013786
2725.307617	0.004468
2726.150879	-0.000950
2726.994385	0.005733
2727.836914	0.018594
2728.678711	0.008474
2729.519775	0.011418
2730.361084	0.004876
2731.201660	0.010309
2732.041748	0.005406
2732.881348	0.009404
2733.720703	-0.003975
2734.559326	0.005741
2735.396973	0.008299
2736.235352	0.014660
2737.072510	0.004309
2737.909424	0.014263
2738.745361	0.008735
2739.581787	0.014924
2740.417236	0.012147
2741.252686	0.010915
2742.086914	0.013583
2742.921387	0.011805
2743.754639	0.013130
2744.588135	0.021405
2745.420898	0.000000
2746.253174	0.018932
2747.084961	0.015271
2747.916504	0.002153
2748.747314	0.018916
2749.578369	0.007067
2750.407959	0.003547
2751.238281	0.014795
2752.066895	0.009911
2752.895752	-0.001387
2753.723877	0.021008
2754.552246	0.011095
2755.379639	0.010014
2756.206543	0.019238
2757.033203	0.007300
2757.858887	0.011535
2758.684814	0.012146
2759.510010	0.010207
2760.334961	0.008221
2761.158691	0.002858
2761.983398	0.007426
2762.806641	0.007767
2763.629883	0.009492
2764.451904	0.002901
2765.274414	0.004634
2766.095947	0.001454
2766.917725	0.003784
2767.738525	0.010215
2768.559082	0.019673
2769.378662	0.007913
2770.198730	0.005597
2771.017822	0.009461
2771.836426	0.012677
2772.655029	0.010898
2773.473145	0.006245
2774.290283	0.007392
2775.107666	0.012155
2775.924072	0.006242
2776.739990	0.008923
2777.555908	0.003863
2778.371338	0.006518
2779.186035	0.025929
2780.000488	0.013453
2780.814697	0.009850
2781.628174	0.011046
2782.441650	0.011667
2783.254395	0.013189
2784.066895	0.014985
2784.878662	0.015246
2785.690430	0.019767
2786.501465	0.010519
2787.312500	0.012624
2788.122559	0.007552
2788.932861	0.019997
2789.742188	0.000906
2790.551514	0.011469
2791.359863	0.008494
2792.168457	0.009719
2792.976318	0.015503
2793.783936	0.010031
2794.590820	0.010690
2795.397461	0.002438
2796.203613	0.004879
2797.010010	0.012520
2797.815430	0.010697
2798.620361	0.015345
2799.425049	0.010444
2800.229248	0.020981
2801.032959	0.012672
2801.836182	0.020723
2802.639648	0.012093
2803.441895	0.002168
2804.244385	0.009012
2805.045898	0.014339
2805.847900	0.002811
2806.648926	0.015734
2807.449951	0.008827
2808.249756	0.014542
2809.049805	0.007665
2809.849365	-0.000318
2810.648682	0.022977
2811.447266	0.013479
2812.245361	-0.001613
2813.043457	0.009369
2813.841064	0.012643
2814.638428	0.016926
2815.435547	0.010769
2816.231445	0.013458
2817.027588	0.002303
2817.822754	0.010587
2818.618652	0.013586
2819.413330	0.012998
2820.208008	-0.000671
2821.002197	0.006066
2821.795898	0.010836
2822.589111	0.008511
2823.382080	0.015406
2824.174316	0.005153
2824.966797	0.012789
2825.758789	0.002085
2826.550049	0.008756
2827.341797	0.012962
2828.132324	0.015585
2828.922852	0.031648
2829.712646	0.006423
2830.502441	0.009345
2831.291260	0.006851
2832.080566	0.001805
2832.868896	0.015695
2833.657227	0.000000
2834.444824	0.009946
2835.232422	0.012603
2836.019531	0.024200
2836.806396	0.008290
2837.592285	0.005300
2838.378662	0.015964
2839.164307	0.001151
2839.949951	0.025412
2840.734619	0.007726
2841.519043	-0.005045
2842.303467	0.014394
2843.087158	0.015272
2843.870605	0.008612
2844.653564	0.014228
2845.436523	0.005137
2846.218994	0.009979
2847.001221	0.022077
2847.782471	0.015716
2848.564453	0.021053
2849.345459	-0.002030
2850.125977	0.022522
2850.906250	0.010258
2851.686523	0.012336
2852.465820	0.012367
2853.245361	0.025302
2854.023926	0.008749
2854.802979	0.006677
2855.580811	0.008418
2856.358887	0.013899
2857.136719	-0.002532
2857.914551	0.014423
2858.690918	-0.001705
2859.467529	0.008535
2860.243896	0.004299
2861.019775	0.008186
2861.795166	0.027263
2862.570557	-0.006505
2863.345459	0.023100
2864.120361	-0.005691
2864.894287	0.009699
2865.667725	0.018590
2866.441650	0.026503
2867.215088	0.004013
2867.988037	-0.006238
2868.760498	-0.009432
2869.532959	0.019850
2870.304688	0.005857
2871.076416	0.008622
2871.847656	0.010048
2872.619141	0.000912
2873.389648	0.008286
2874.159912	0.013867
2874.929688	0.015749
2875.699951	0.010684
2876.468994	0.024262
2877.238525	0.003723
2878.007080	0.010839
2878.775635	0.015096
2879.543213	0.017921
2880.311279	0.020765
2881.078857	-0.006161
2881.846436	0.007124
2882.613037	0.009967
2883.379883	0.007648
2884.145752	0.002400
2884.911865	0.006253
2885.677734	0.029028
2886.443115	0.024236
2887.208252	0.014066
2887.972656	-0.010247
2888.737305	0.010787
2889.501221	0.016651
2890.265381	0.003928
2891.028809	0.011809
2891.792236	-0.001961
2892.555176	0.003939
2893.318115	0.012763
2894.080078	0.018630
2894.842529	0.019066
2895.603760	0.000979
2896.365723	0.010751
2897.126709	0.012655
2897.887939	0.009695
2898.648193	0.024283
2899.408691	0.014525
2900.168701	0.008212
2900.928955	0.010151
2901.688232	0.012190
2902.447754	0.022108
2903.205811	0.009931
2903.964600	0.013073
2904.722900	0.007663
2905.481201	0.007662